0.0 293.15
0.1 298.5511234336742
0.2 303.95190164431017
0.30000000000000004 309.35231540219394
0.4 314.75234478000823
0.5 320.15196914086
0.6000000000000001 325.55116712635686
0.7000000000000001 330.94991664473537
0.8 336.34819485904364
0.9 341.7459781753813
1.0 347.14324223119945
1.1 352.5399618836639
1.2000000000000002 357.9361111980844
1.3 363.3316634364131
1.4000000000000001 368.7265910458161
1.5 374.12086564732016
1.6 379.5144580245393
1.7000000000000002 384.9073381124844
1.8 390.29947498645885
1.9000000000000001 395.6908368510448
2.0 401.0813910291835
2.1 406.4711039513535
2.2 411.8599411448509
2.3000000000000003 417.24786722317606
2.4000000000000004 422.63484587553023
2.5 428.02083985642696
2.6 433.4058109754229
2.7 438.78972008697184
2.8000000000000003 444.172527080407
2.9000000000000004 449.55419087005646
3.0 454.93466938549585
3.1 460.313919561944
3.2 465.69189733080583
3.3000000000000003 471.06855761036826
3.4000000000000004 476.44385429665346
3.5 481.8177402544355
3.6 487.1901673084252
3.7 492.56108623462916
3.8000000000000003 497.93044675188776
3.9000000000000004 503.2981975135985
4.0 508.66428609962986
4.1000000000000005 514.0286590084319
4.2 519.3912616493487
4.3 524.7520383351401
4.4 530.1109322747166
4.5 535.4678855660952
4.6000000000000005 540.8228391895826
4.7 546.1757330011897
4.800000000000001 551.5265057262865
4.9 556.8750949535021
5.0 562.2214371288768
5.1000000000000005 567.5654675502722
5.2 572.9071203620468
5.300000000000001 578.2463285500032
5.4 583.5830239366129
5.5 588.9171371765266
5.6000000000000005 594.2485977523761
5.7 599.5773339708745
5.800000000000001 604.9032729592215
5.9 610.2263406618202
6.0 615.5464618373144
6.1000000000000005 620.8635600559494
6.2 626.177557697267
6.300000000000001 631.4883759481393
6.4 636.7959348011482
6.5 642.1001530533197
6.6000000000000005 647.4009483052163
6.7 652.6982369603975
6.800000000000001 657.9919342252532
6.9 663.2819541092184
7.0 668.5682094253742
7.1000000000000005 673.8506117914429
7.2 679.1290716311842
7.300000000000001 684.4034981761976
7.4 689.6737994681395
7.5 694.9398823613595
7.6000000000000005 700.2016525259642
7.7 705.4590144513124
7.800000000000001 710.7118714499512
7.9 715.9601256619956
8.0 721.2036780599601
8.1 726.4424284540476
8.200000000000001 731.6762754978998
8.3 736.9051166948178
8.4 742.1288484044551
8.5 747.3473658499905
8.6 752.5605631257856
8.700000000000001 757.7683332055312
8.8 762.9705679508885
8.9 768.1671581206288
9.0 773.3579933802765
9.1 778.5429623122606
9.200000000000001 783.7219524265763
9.3 788.894850171964
9.4 794.0615409476056
9.5 799.2219091153446
9.600000000000001 804.3758380124307
9.700000000000001 809.5232099647938
9.8 814.6639063008482
9.9 819.7978073658307
10.0 824.9247925366737
10.100000000000001 830.0447402374157
10.200000000000001 835.1575279551498
10.3 840.2630322565132
10.4 845.3611288047155
10.5 850.4516923771096
10.600000000000001 855.5345968833028
10.700000000000001 860.6097153838097
10.8 865.6769201092449
10.9 870.7360824800561
11.0 875.7870731267953
11.100000000000001 880.8297619109271
11.200000000000001 885.8640179461715
11.3 890.8897096203797
11.4 895.9067046179395
11.5 900.9148699427074
11.600000000000001 905.9140719414639
11.700000000000001 910.9041763278884
11.8 915.885048207048
11.9 920.8565521003977
12.0 925.8185519712844
12.100000000000001 930.770911250951
12.200000000000001 935.7134928650339
12.3 940.6461592605468
12.4 945.5687724333451
12.5 950.4811939560623
12.600000000000001 955.3832850065124
12.700000000000001 960.2749063965484
12.8 965.1559186013687
12.9 970.0261817892632
13.0 974.8855558517886
13.100000000000001 979.7339004343639
13.200000000000001 984.5710749672747
13.3 989.396938697076
13.4 994.2113507183827
13.5 999.0141700060357
13.600000000000001 1003.805255447631
13.700000000000001 1008.5844658764009
13.8 1013.3516601044325
13.9 1018.1066969562113
14.0 1022.8494353024762
14.100000000000001 1027.5797340943714
14.200000000000001 1032.2974523978805
14.3 1037.0024494285292
14.4 1041.6945845863384
14.5 1046.3737174910166
14.600000000000001 1046.1786969270643
14.700000000000001 1045.9842276551854
14.8 1045.7903078100537
14.9 1045.596935534329
15.0 1045.404108978613
15.100000000000001 1045.2118263014058
15.200000000000001 1045.0200856690633
15.3 1044.8288852557548
15.4 1044.63822324342
15.5 1044.4480978217273
15.600000000000001 1044.2585071880317
15.700000000000001 1044.0694495473335
15.8 1043.880923112237
15.9 1043.6929261029095
16.0 1043.5054567470402
16.1 1043.3185132798003
16.2 1043.1320939438026
16.3 1042.9461969890613
16.400000000000002 1042.7608206729528
16.5 1042.5759632601762
16.6 1042.3916230227137
16.7 1042.2077982397925
16.8 1042.0244871978455
16.900000000000002 1046.7026992807803
17.0 1046.5067480388786
17.1 1046.3113512418654
17.2 1046.1165070108957
17.3 1045.9222134751844
17.400000000000002 1045.7284687719616
17.5 1045.535271046429
17.6 1045.3426184517161
17.7 1045.1505091488377
17.8 1044.9589413066508
17.900000000000002 1044.7679131018115
18.0 1044.5774227187333
18.1 1044.387468349545
18.2 1044.1980481940489
18.3 1044.0091604596787
18.400000000000002 1043.8208033614596
18.5 1043.6329751219666
18.6 1043.4456739712834
18.7 1043.2588981469632
18.8 1043.0726458939878
18.900000000000002 1042.8869154647277
19.0 1042.7017051189032
19.1 1042.5170131235443
19.200000000000003 1042.3328377529522
19.3 1042.1491772886602
19.400000000000002 1046.8270411097026
19.5 1046.63073788053
19.6 1046.434990289906
19.700000000000003 1046.2397964538604
19.8 1046.045154496511
19.900000000000002 1045.8510625500187
20.0 1045.6575187545432
20.1 1045.4645212582002
20.200000000000003 1045.2720682170175
20.3 1045.080157794892
20.400000000000002 1044.8887881635476
20.5 1044.6979575024914
20.6 1044.5076639989725
20.700000000000003 1044.31790584794
20.8 1044.1286812520013
20.900000000000002 1043.9399884213803
21.0 1043.7518255738769
21.1 1043.5641909348258
21.200000000000003 1043.377082737056
21.3 1043.190499220851
21.400000000000002 1043.0044386339084
21.5 1042.8188992312998
21.6 1042.633879275432
21.700000000000003 1042.4493770360077
21.8 1042.265390789986
21.900000000000002 1042.0819188215444
22.0 1046.7599705123466
22.1 1046.5638571624304
22.200000000000003 1046.3682988070584
22.3 1046.1732935650266
22.400000000000002 1045.9788395632029
22.5 1045.7849349364835
22.6 1045.591577827749
22.700000000000003 1045.3987663878206
22.8 1045.206498775417
22.900000000000002 1045.014773157112
23.0 1044.8235877072902
23.1 1044.632940608107
23.200000000000003 1044.4428300494444
23.3 1044.2532542288702
23.400000000000002 1044.0642113515964
23.5 1043.8756996304376
23.6 1043.68771728577
23.700000000000003 1043.5002625454913
23.8 1043.3133336449796
23.900000000000002 1043.1269288270537
24.0 1042.9410463419324
24.1 1042.755684447196
24.200000000000003 1042.5708414077462
24.3 1042.3865154957668
24.400000000000002 1042.2027049906853
24.5 1042.0194081791342
24.6 1046.6976344452191
24.700000000000003 1046.5016975382125
24.8 1046.3063150274963
24.900000000000002 1046.1114850344343
25.0 1045.9172056884488
25.1 1045.723475126976
25.200000000000003 1045.5302914954227
25.3 1045.337652947123
25.400000000000002 1045.145557643294
25.5 1044.954003752995
25.6 1044.7629894530828
25.700000000000003 1044.5725129281707
25.8 1044.3825723705859
25.900000000000002 1044.1931659803279
26.0 1044.0042919650275
26.1 1043.8159485399049
26.200000000000003 1043.6281339277293
26.3 1043.4408463587781
26.400000000000002 1043.2540840707964
26.5 1043.0678453089572
26.6 1042.8821283258214
26.700000000000003 1042.6969313812986
26.8 1042.5122527426067
26.900000000000002 1042.3280906842342
27.0 1042.1444434879006
27.1 1046.8223205328252
27.200000000000003 1046.6260306689683
27.3 1046.430296398323
27.400000000000002 1046.2351158371139
27.5 1046.0404871096525
27.6 1045.846408348292
27.700000000000003 1045.652877693384
27.8 1045.4598932932345
27.900000000000002 1045.2674533040608
28.0 1045.0755558899484
28.1 1044.8841992228083
28.200000000000003 1044.6933814823342
28.3 1044.5031008559608
28.400000000000002 1044.3133555388215
28.5 1044.124143733707
28.6 1043.9354636510234
28.700000000000003 1043.747313508752
28.8 1043.5596915324084
28.900000000000002 1043.3725959550009
29.0 1043.1860250169914
29.1 1042.999976966255
29.200000000000003 1042.8144500580402
29.3 1042.6294425549293
29.400000000000002 1042.4449527267996
29.5 1042.260978850784
29.6 1042.077519211233
29.700000000000003 1046.7555831899822
29.8 1046.5594822594603
29.900000000000002 1046.3639362813676
30.0 1046.1689433746803
30.1 1045.9745016664467
30.200000000000003 1045.7806092917415
30.3 1045.5872643936232
30.400000000000002 1045.39446512309
30.5 1045.2022096390367
30.6 1045.0104961082118
30.700000000000003 1044.8193227051743
30.8 1044.6286876122522
30.900000000000002 1044.4385890195001
31.0 1044.2490251246568
31.1 1044.0599941331045
31.200000000000003 1043.8714942578272
31.3 1043.6835237193698
31.400000000000002 1043.4960807457974
31.5 1043.3091635726548
31.6 1043.1227704429264
31.700000000000003 1042.9368996069961
31.8 1042.7515493226083
31.900000000000002 1042.5667178548274
32.0 1042.3824034759998
32.1 1042.1986044657142
32.2 1042.0153191107636
32.300000000000004 1046.6935567954135
32.4 1046.4976314291403
32.5 1046.3022604200328
32.6 1046.107441889623
32.7 1045.9131739675001
32.800000000000004 1045.7194547912666
32.9 1045.5262825064945
33.0 1045.3336552666817
33.1 1045.1415712332096
33.2 1044.950028575299
33.300000000000004 1044.7590254699687
33.4 1044.5685601019927
33.5 1044.378630663858
33.6 1044.1892353557237
33.7 1044.0003723853781
33.800000000000004 1043.8120399681989
33.9 1043.6242363271117
34.0 1043.4369596925496
34.1 1043.2502083024126
34.2 1043.0639804020275
34.300000000000004 1042.8782742441083
34.4 1042.6930880887164
34.5 1042.508420203222
34.6 1042.3242688622638
34.7 1042.1406323477115
34.800000000000004 1046.8185200389332
34.9 1046.6222409352404
35.0 1046.4265173882595
35.1 1046.2313475143726
35.2 1046.0367294380467
35.300000000000004 1045.8426612917901
35.4 1045.6491412161088
35.5 1045.456167359462
35.6 1045.2637378782197
35.7 1045.071850936619
35.800000000000004 1044.8805047067217
35.9 1044.6896973683718
36.0 1044.499427109153
36.1 1044.3096921243473
36.2 1044.1204906168928
36.300000000000004 1043.9318207973429
36.4 1043.7436808838247
36.5 1043.556069101999
36.6 1043.3689836850185
36.7 1043.1824228734893
36.800000000000004 1042.9963849154287
36.9 1042.8108680662278
37.0 1042.6258705886105
37.1 1042.4413907525945
37.2 1042.2574268354529
37.300000000000004 1042.0739771216747
37.4 1046.7520509932344
37.5 1046.5559600613503
37.6 1046.3604240479897
37.7 1046.1654410722745
37.800000000000004 1045.9710092613975
37.9 1045.7771267505777
38.0 1045.5837916830167
38.1 1045.3910022098548
38.2 1045.198756490129
38.300000000000004 1045.007052690728
38.400000000000006 1044.8158889863514
38.5 1044.6252635594667
38.6 1044.4351746002667
38.7 1044.245620306628
38.800000000000004 1044.0565988840704
38.900000000000006 1043.8681085457138
39.0 1043.6801475122388
39.1 1043.4927140118455
39.2 1043.3058062802127
39.300000000000004 1043.1194225604584
39.400000000000006 1042.9335611030992
39.5 1042.7482201660116
39.6 1042.5633980143912
39.7 1042.379092920715
39.800000000000004 1042.195303164702
39.900000000000006 1042.0120270332739
40.0 1046.6902739108248
40.1 1046.4943578358093
40.2 1046.2989960864618
40.300000000000004 1046.1041867844492
40.400000000000006 1045.9099280594953
40.5 1045.716218049336
40.6 1045.5230548996765
40.7 1045.3304367641472
40.800000000000004 1045.1383618042605
40.900000000000006 1044.9468281893685
41.0 1044.7558340966198
41.1 1044.565377710918
41.2 1044.3754572248788
41.300000000000004 1044.186070838789
41.400000000000006 1043.9972167605645
41.5 1043.8088932057096
41.6 1043.621098397276
41.7 1043.4338305658218
41.800000000000004 1043.2470879493717
41.900000000000006 1043.0608687933764
42.0 1042.875171350673
42.1 1042.6899938814463
42.2 1042.5053346531874
42.300000000000004 1042.3211919406572
42.400000000000006 1042.1375640258454
42.5 1046.8154602882403
42.6 1046.6191898473937
42.7 1046.423474933875
42.800000000000004 1046.2283136641918
42.900000000000006 1046.0337041629366
43.0 1045.839644562743
43.1 1045.6461330042405
43.2 1045.4531676360123
43.300000000000004 1045.260746614551
43.400000000000006 1045.0688681042159
43.5 1044.8775302771903
43.6 1044.686731313439
43.7 1044.4964694006658
43.800000000000004 1044.3067427342721
43.900000000000006 1044.117549517315
44.0 1043.928887960466
44.1 1043.74075628197
44.2 1043.5531527076046
44.300000000000004 1043.3660754706389
44.400000000000006 1043.1795228117944
44.5 1042.9934929792041
44.6 1042.807984228373
44.7 1042.622994822139
44.800000000000004 1042.438523030633
44.900000000000006 1042.2545671312407
45.0 1042.0711254085636
45.1 1046.749207244687
45.2 1046.5531243625676
45.300000000000004 1046.3575963716748
45.400000000000006 1046.1626213912482
45.5 1045.9681975485967
45.6 1045.7743229790556
45.7 1045.5809958259415
45.800000000000004 1045.3882142405098
45.900000000000006 1045.195976381911
46.0 1045.0042804171476
46.1 1044.813124521032
46.2 1044.6225068761435
46.300000000000004 1044.4324256727866
46.400000000000006 1044.2428791089492
46.5 1044.0538653902609
46.6 1043.8653827299518
46.7 1043.6774293488118
46.800000000000004 1043.4900034751493
46.900000000000006 1043.3031033447514
47.0 1043.1167272008433
47.1 1042.9308732940488
47.2 1042.74553988235
47.300000000000004 1042.5607252310488
47.400000000000006 1042.3764276127272
47.5 1042.1926453072085
47.6 1042.009376601519
47.7 1046.6876308801561
47.800000000000004 1046.491722285413
47.900000000000006 1046.2963679909797
48.0 1046.101566118632
48.1 1045.9073147982017
48.2 1045.7136121675326
48.300000000000004 1045.5204563724367
48.400000000000006 1045.327845566651
48.5 1045.1357779117936
48.6 1044.9442515773223
48.7 1044.7532647404905
48.800000000000004 1044.5628155863055
48.900000000000006 1044.372902307487
49.0 1044.1835231044247
49.1 1043.994676185137
49.2 1043.8063597652304
49.300000000000004 1043.6185720678575
49.400000000000006 1043.4313113236776
49.5 1043.2445757708156
49.6 1043.058363654822
49.7 1042.8726732286334
49.800000000000004 1042.6875027525327
49.900000000000006 1042.50285049411
50.0 1042.3187147282229
50.1 1042.1350937369589
50.2 1046.8129968999026
50.300000000000004 1046.6167334334107
50.400000000000006 1046.4210254705895
50.5 1046.2258711280488
50.6 1046.0312685304818
50.7 1045.8372158106226
50.800000000000004 1045.6437111092011
50.900000000000006 1045.4507525748995
51.0 1045.2583383643093
51.1 1045.0664666418882
51.2 1044.875135579917
51.300000000000004 1044.6843433584581
51.400000000000006 1044.494088165312
51.5 1044.3043681959762
51.6 1044.1151816536035
51.7 1043.9265267489607
51.800000000000004 1043.7384017003872
51.900000000000006 1043.5508047337546
52.0 1043.3637340824262
52.1 1043.1771879872163
52.2 1042.9911646963503
52.300000000000004 1042.8056624654257
52.400000000000006 1042.620679557372
52.5 1042.436214242411
52.6 1042.2522647980195
52.7 1042.068829508889
52.800000000000004 1046.7469177571945
52.900000000000006 1046.5508413558516
53.0 1046.3553198237596
53.1 1046.1603512802521
53.2 1045.9659338527322
53.300000000000004 1045.772065676628
53.400000000000006 1045.5787448953495
53.5 1045.385969660244
53.6 1045.1937381305538
53.7 1045.002048473373
53.800000000000004 1044.8108988636043
53.900000000000006 1044.6202874839178
54.0 1044.4302125247077
54.1 1044.2406721840512
54.2 1044.0516646676667
54.300000000000004 1043.8631881888728
54.400000000000006 1043.675240968547
54.5 1043.4878212350857
54.6 1043.3009272243623
54.7 1043.114557179689
54.800000000000004 1042.9287093517753
54.900000000000006 1042.743381998689
55.0 1042.5585733858172
55.1 1042.3742817858265
55.2 1042.1905054786243
55.300000000000004 1042.0072427513207
55.400000000000006 1046.6855029884964
55.5 1046.4896004160446
55.6 1046.294252123487
55.7 1046.0994562326873
55.800000000000004 1045.9052108735643
55.900000000000006 1045.7115141840486
56.0 1045.5183643100381
56.1 1045.3257594053557
56.2 1045.133697631705
56.300000000000004 1044.942177158628
56.400000000000006 1044.751196163463
56.5 1044.560752831301
56.6 1044.370845354945
56.7 1044.1814719348677
56.800000000000004 1043.99263077917
56.900000000000006 1043.8043201035405
57.0 1043.6165381312135
57.1 1043.4292830929294
57.2 1043.242553226894
57.300000000000004 1043.0563467787379
57.400000000000006 1042.8706620014777
57.5 1042.6854971554758
57.6 1042.500850508401
57.7 1042.3167203351902
57.800000000000004 1042.1331049180087
57.900000000000006 1046.8110136365192
58.0 1046.6147557850145
58.1 1046.4190534181348
58.2 1046.2239046525715
58.300000000000004 1046.0293076130997
58.400000000000006 1045.835260432534
58.5 1045.6417612516846
58.6 1045.4488082193138
58.7 1045.2563994920931
58.800000000000004 1045.064533234559
58.900000000000006 1044.8732076190713
59.0 1044.6824208257704
59.1 1044.4921710425347
59.2 1044.3024564649393
59.300000000000004 1044.1132752962142
59.400000000000006 1043.9246257472025
59.5 1043.73650603632
59.6 1043.548914389514
59.7 1043.3618490402232
59.800000000000004 1043.1753082293367
59.900000000000006 1042.989290205155
60.0 1042.8037932233492
60.1 1042.6188155469229
60.2 1042.4343554461714
60.300000000000004 1042.2504111986443
60.400000000000006 1042.0669810891056
60.5 1046.745074499803
60.6 1046.5490033160772
60.7 1046.3534869839098
60.800000000000004 1046.1585236227104
60.900000000000006 1045.9641113599575
61.0 1045.7702483311548
61.1 1045.5769326797863
61.2 1045.384162557274
61.300000000000004 1045.1919361229343
61.400000000000006 1045.0002515439346
61.5 1044.8091069952509
61.6 1044.6185006596256
61.7 1044.4284307275254
61.800000000000004 1044.2388953970997
61.900000000000006 1044.049892874138
62.0 1043.8614213720305
62.1 1043.673479111725
62.2 1043.4860643216887
62.300000000000004 1043.2991752378648
62.400000000000006 1043.112810103635
62.5 1042.9269671697782
62.6 1042.7416446944314
62.7 1042.5568409430498
62.800000000000004 1042.3725541883682
62.900000000000006 1042.188782710362
63.0 1042.0055247962084
63.1 1046.6837898305555
63.2 1046.487892106602
63.300000000000004 1046.2925486461068
63.400000000000006 1046.0977575710035
63.5 1045.9035170112816
63.6 1045.7098251049413
63.7 1045.51667999795
63.800000000000004 1045.3240798441993
63.900000000000006 1045.132022805462
64.0 1044.9405070513478
64.10000000000001 1044.749530759263
64.2 1044.5590921143664
64.3 1044.3691893095279
64.4 1044.179820545287
64.5 1043.9909840298112
64.60000000000001 1043.802677978855
64.7 1043.6149006157186
64.8 1043.4276501712077
64.9 1043.240924883593
65.0 1043.0547229985698
65.10000000000001 1042.8690427692193
65.2 1042.6838824559675
65.3 1042.4992403265471
65.4 1042.315114655958
65.5 1042.1315037264287
65.60000000000001 1046.8094169176843
65.7 1046.613163586764
65.8 1046.4174657251353
65.9 1046.2223214495555
66.0 1046.027728884865
66.10000000000001 1045.8336861639436
66.2 1045.6401914276667
66.3 1045.4472428248605
66.4 1045.2548385122607
66.5 1045.0629766544675
66.60000000000001 1044.8716554239043
66.7 1044.6808730007742
66.8 1044.4906275730186
66.9 1044.300917336275
67.0 1044.111740493835
67.10000000000001 1043.9230952566038
67.2 1043.7349798430585
67.3 1043.5473924792072
67.4 1043.3603313985495
67.5 1043.1737948420348
67.60000000000001 1042.9877810580235
67.7 1042.802288302247
67.8 1042.6173148377675
67.9 1042.43285893494
68.0 1042.2489188713726
68.10000000000001 1042.0654929318875
68.2 1046.743590498791
68.3 1046.547523515733
68.4 1046.3520113699894
68.5 1046.157052181031
68.60000000000001 1045.9626440763973
68.7 1045.7687851916521
68.8 1045.57547367034
68.9 1045.3827076639425
69.0 1045.1904853318354
69.10000000000001 1044.9988048412454
69.2 1044.8076643672075
69.3 1044.6170620925225
69.4 1044.4269962077155
69.5 1044.2374649109934
69.60000000000001 1044.048466408204
69.7 1043.8599989127938
69.8 1043.6720606457686
69.9 1043.4846498356515
70.0 1043.2977647184425
70.10000000000001 1043.1114035375792
70.2 1042.9255645438964
70.3 1042.740245995586
70.4 1042.555446158159
70.5 1042.3711633044047
70.60000000000001 1042.1873957143534
70.7 1042.0041416752367
70.8 1046.6824105717562
70.9 1046.4865167512983
71.0 1046.291177181066
71.10000000000001 1046.09638998305
71.2 1045.902153287296
71.3 1045.7084652318604
71.4 1045.5153239627666
71.5 1045.322727633962
71.60000000000001 1045.130674407274
71.7 1044.939162452368
71.8 1044.7481899467043
71.9 1044.5577550754963
72.0 1044.367856031668
72.10000000000001 1044.1784910158128
72.2 1043.9896582361516
72.3 1043.801355908492
72.4 1043.6135822561873
72.5 1043.4263355100957
72.60000000000001 1043.2396139085402
72.7 1043.0534156972683
72.8 1042.8677391294127
72.9 1042.6825824654513
73.0 1042.4979439731678
73.10000000000001 1042.3138219276132
73.2 1042.1302146110663
73.3 1046.8081314033032
73.4 1046.6118817118793
73.5 1046.4161874774022
73.60000000000001 1046.2210468166822
73.7 1046.0264578546125
73.8 1045.8324187241255
73.9 1045.6389275661481
74.0 1045.4459825295594
74.10000000000001 1045.2535817711457
74.2 1045.061723455559
74.3 1044.8704057552739
74.4 1044.6796268505439
74.5 1044.489384929361
74.60000000000001 1044.2996781874128
74.7 1044.110504828041
74.8 1043.9218630622004
74.9 1043.7337511084174
75.0 1043.5461671927496
75.10000000000001 1043.359109548745
75.2 1043.1725764174018
75.3 1042.9865660471287
75.4 1042.801076693705
75.5 1042.6161066202412
75.60000000000001 1042.4316540971395
75.7 1042.2477174020553
75.8 1042.0642948198583
75.9 1046.742395732901
76.0 1046.5463321317784
76.10000000000001 1046.3508233565024
76.2 1046.155867526593
76.3 1045.961462769639
76.4 1045.7676072212525
76.5 1045.574299025027
76.60000000000001 1045.3815363324918
76.7 1045.1893173030708
76.80000000000001 1044.9976401040383
76.9 1044.8065029104764
77.0 1044.6159039052336
77.10000000000001 1044.4258412788813
77.2 1044.2363132296734
77.30000000000001 1044.047317963504
77.4 1043.8588536938657
77.5 1043.67091864181
77.60000000000001 1043.4835110359056
77.7 1043.2966291121982
77.80000000000001 1043.1102711141702
77.9 1042.9244352927014
78.0 1042.7391199060287
78.10000000000001 1042.554323219707
78.2 1042.37004350657
78.30000000000001 1042.186279046692
78.4 1042.0030281273482
78.5 1046.6813001332837
78.60000000000001 1046.485409455511
78.7 1046.2900730173105
78.80000000000001 1046.0952889407188
78.9 1045.9010553558267
79.0 1045.707370400736
79.10000000000001 1045.5142322215152
79.2 1045.321638972156
79.30000000000001 1045.1295888145307
79.4 1044.9380799183489
79.5 1044.747110461115
79.60000000000001 1044.5566786280858
79.7 1044.3667826122294
79.80000000000001 1044.177420614182
79.9 1043.9885908422077
80.0 1043.800291512157
80.10000000000001 1043.6125208474255
80.2 1043.425277078914
80.30000000000001 1043.2385584449876
80.4 1043.052363191436
80.5 1042.8666895714332
80.60000000000001 1042.6815358454987
80.7 1042.4969002814576
80.80000000000001 1042.3127811544016
80.9 1042.1291767466505
81.0 1046.8070964380208
81.10000000000001 1046.610849676739
81.2 1046.4151583624655
81.30000000000001 1046.220020612053
81.4 1046.0254345504375
81.5 1045.831398310593
81.60000000000001 1045.6379100334889
81.7 1045.4449678680458
81.80000000000001 1045.2525699710918
81.9 1045.0607145073202
82.0 1044.8693996492464
82.10000000000001 1044.678623577165
82.2 1044.4883844791084
82.30000000000001 1044.2986805508049
82.4 1044.1095099956362
82.5 1043.9208710245973
82.60000000000001 1043.7327618562542
82.7 1043.545180716704
82.80000000000001 1043.358125839534
82.9 1043.1715954657818
83.0 1042.9855878438948
83.10000000000001 1042.800101229691
83.2 1042.6151338863197
83.30000000000001 1042.430684084221
83.4 1042.2467501010885
83.5 1042.06333022183
83.60000000000001 1046.7414338288356
83.7 1046.545372950495
83.80000000000001 1046.3498668887687
83.9 1046.1549137632162
84.0 1045.9605117014653
84.10000000000001 1045.7666588391678
84.2 1045.573353319956
84.30000000000001 1045.380593295398
84.4 1045.1883769249564
84.5 1044.9967023759436
84.60000000000001 1044.80556782348
84.7 1044.614971450452
84.80000000000001 1044.4249114474687
84.9 1044.2353860128217
85.0 1044.046393352442
85.10000000000001 1043.8579316798598
85.2 1043.6699992161634
85.30000000000001 1043.4825941899583
85.4 1043.2957148373264
85.5 1043.1093594017868
85.60000000000001 1042.9235261342553
85.7 1042.738213293005
85.80000000000001 1042.5534191436261
85.9 1042.3691419589884
86.0 1042.185380019201
86.10000000000001 1042.0021316115742
86.2 1046.6804061208888
86.30000000000001 1046.48451797328
86.4 1046.2891840566663
86.5 1046.0944024931214
86.60000000000001 1045.9001714127726
86.7 1045.706488953758
86.80000000000001 1045.5133532621824
86.9 1045.3207624920735
87.0 1045.1287148053395
87.10000000000001 1044.9372083717253
87.2 1044.746241368771
87.30000000000001 1044.5558119817688
87.4 1044.3659184037213
87.5 1044.1765588352998
87.60000000000001 1043.9877314848034
87.7 1043.7994345681166
87.80000000000001 1043.6116663086696
87.9 1043.4244249373971
88.0 1043.2377086926983
88.10000000000001 1043.0515158203966
88.2 1042.8658445736996
88.30000000000001 1042.68069321316
88.4 1042.4960600066363
88.5 1042.3119432292533
88.60000000000001 1042.1283411633638
88.7 1046.8062631888165
88.80000000000001 1046.610018786582
88.9 1046.4143298233544
89.0 1046.2191944160204
89.10000000000001 1046.0246106895504
89.2 1045.8305767769525
89.30000000000001 1045.6370908192298
89.4 1045.4441509653363
89.5 1045.251755372134
89.60000000000001 1045.0599022043493
89.7 1044.8685896345303
89.80000000000001 1044.6778158430047
89.9 1044.487579017838
90.0 1044.2978773547904
90.10000000000001 1044.1087090572767
90.2 1043.9200723363233
90.30000000000001 1043.7319654105286
90.4 1043.5443865060215
90.5 1043.357333856421
90.60000000000001 1043.1708057027963
90.7 1042.9848002936262
90.80000000000001 1042.7993158847598
90.9 1042.614350739377
91.0 1042.429903127949
91.10000000000001 1042.2459713282003
91.2 1042.0625536250689
91.30000000000001 1046.7406594009753
91.4 1046.5446007147382
91.5 1046.349096837682
91.60000000000001 1046.1541458893987
91.7 1045.9597459975475
91.80000000000001 1045.765895297812
91.9 1045.5725919338554
92.0 1045.3798340572778
92.10000000000001 1045.1876198275722
92.2 1044.9959474120822
92.30000000000001 1044.8048149859587
92.4 1044.6142207321188
92.5 1044.4241628412021
92.60000000000001 1044.23463951153
92.7 1044.0456489490641
92.80000000000001 1043.857189367364
92.9 1043.6692589875481
93.0 1043.4818560382512
93.10000000000001 1043.2949787555847
93.2 1043.108625383097
93.30000000000001 1042.922794171733
93.4 1042.7374833797944
93.5 1042.5526912729008
93.60000000000001 1042.36841612395
93.7 1042.1846562130802
93.80000000000001 1042.00140982763
93.9 1046.6796863524078
94.0 1046.4838002418267
94.10000000000001 1046.2884683553357
94.2 1046.0936888150375
94.30000000000001 1045.8994597510894
94.4 1045.7057793016586
94.5 1045.5126456128792
94.60000000000001 1045.320056838808
94.7 1045.1280111413814
94.80000000000001 1044.9365066903736
94.9 1044.745541663353
95.0 1044.55511424564
95.10000000000001 1044.3652226302656
95.2 1044.1758650179295
95.30000000000001 1043.987039616958
95.4 1043.7987446432642
95.5 1043.6109783203053
95.60000000000001 1043.4237388790436
95.7 1043.2370245579057
95.80000000000001 1043.050833602742
95.9 1042.8651642667871
96.0 1042.6800148106208
96.10000000000001 1042.495383502128
96.2 1042.3112686164607
96.30000000000001 1042.1276684359975
96.4 1046.8055923406137
96.5 1046.609349837642
96.60000000000001 1046.413662767235
96.7 1046.2185292463078
96.80000000000001 1046.0239473998574
96.9 1045.8299153609198
97.0 1045.6364312705252
97.10000000000001 1045.4434932776546
97.2 1045.251099539197
97.30000000000001 1045.0592482199052
97.4 1044.8679374923543
97.5 1044.6771655368987
97.60000000000001 1044.4869305416298
97.7 1044.2972307023342
97.80000000000001 1044.1080642224526
97.9 1043.9194293130374
98.0 1043.731324192713
98.10000000000001 1043.5437470876336
98.2 1043.3566962314442
98.30000000000001 1043.1701698652387
98.4 1042.9841662375213
98.5 1042.7986836041664
98.60000000000001 1042.6137202283787
98.7 1042.4292743806548
98.80000000000001 1042.245344338743
98.9 1042.0619283876065
99.0 1046.7400359096898
99.10000000000001 1046.5439789883098
99.2 1046.3484768701267
99.30000000000001 1046.1535276747577
99.4 1045.9591295298878
99.5 1045.765280571226
99.60000000000001 1045.5719789424606
99.7 1045.379222795217
99.80000000000001 1045.187010289013
99.9 1044.995339591217
100.0 1044.8042088770053
