0 293.15
1 348.90627815692045
2 404.6151743284128
3 460.2477016748504
4 515.765069138726
5 571.1174169604242
6 626.2427019117099
7 681.0657954402727
8 735.4978696242205
9 789.4361549189754
10 842.7641580558173
11 895.3524257677909
12 947.0599279252589
13 997.736110238673
14 1047.2236309894386
15 1067.4836098457488
16 1087.1329744001052
17 1106.1559674528633
18 1124.5393193014559
19 1142.2723733125642
20 1159.3471728590798
21 1175.7585082063
22 1191.503923092394
23 1206.5836818940843
24 1221.0006993463394
25 1234.7604357471766
26 1247.8707613867225
27 1260.3417945658332
28 1272.1857179982849
29 1283.4165786184333
30 1294.050075851209
31 1304.103343260795
32 1313.5947282031207
33 1322.5435736949971
34 1330.9700062113034
35 1338.8947325630675
36 1346.3388484237337
37 1353.323660485111
38 1359.8705236609248
39 1366.000694232184
40 1371.7351993574684
41 1377.0947229608294
42 1382.099507664238
43 1386.7692721508233
44 1391.1231431271744
45 1395.1796008932813
46 1398.9564374214035
47 1402.470725783616
48 1405.7387997449766
49 1408.7762423482523
50 1411.597882350343
51 1414.2177974239196
52 1416.6493231049697
53 1418.905066543309
54 1420.9969241947495
55 1422.9361026773408
56 1424.7331420973906
57 1426.397941231871
58 1427.9397840309136
59 1429.3673669763732
60 1430.688826899302
61 1431.9117689202415
62 1433.0432942314421
63 1434.09002748951
64 1435.058143630762
65 1435.9533939600483
66 1436.7811313973223
67 1437.5463347952016
68 1438.2536322655715
69 1438.9073234743473
70 1439.5114008812343
71 1440.0695699160765
72 1440.5852680955384
73 1441.0616830937288
74 1441.5017697882804
75 1441.9082663095896
76 1442.283709125668
77 1442.6304471985604
78 1442.9506552507546
79 1443.2463461815996
80 1443.5193826746213
81 1443.7714880369042
82 1444.0042563115019
83 1444.2191617032502
84 1444.417567357459
85 1444.6007335298284
86 1444.7698251846232
87 1444.925919056704
88 1445.070010211486
89 1445.203018135317
90 1445.325792387159
91 1445.4391178408514
92 1445.5437195456311
93 1445.6402672310257
94 1445.7293794806983
95 1445.8116275983518
96 1445.8875391873678
97 1445.957601464489
98 1446.0222643265502
99 1446.0819431880163
100 1446.1370216059086
